#  scale/GeV      gY           g2           g3           Lambdax      Yu(0,0)      Yu(0,1)      Yu(0,2)      Yu(1,0)      Yu(1,1)     Yu(1,2)     Yu(2,0)     Yu(2,1)     Yu(2,2)     Yd(0,0)     Yd(0,1)     Yd(0,2)     Yd(1,0)     Yd(1,1)     Yd(1,2)     Yd(2,0)     Yd(2,1)     Yd(2,2)     Ye(0,0)     Ye(0,1)     Ye(0,2)     Ye(1,0)     Ye(1,1)     Ye(1,2)     Ye(2,0)     Ye(2,1)     Ye(2,2)     mu2/GeV^2         v/GeV          
91.1876         0.461186        0.651098        1.21087         0.284089        7.89543e-06     0               0               0               0.00360862      0               0               0               0.97599         -1.56993e-05    0               0               0               -0.000343731    0               0               0               -0.0164409      -2.8579e-06     0               0               0               -0.000590923    0               0               0               -0.0099589      8472.27         248.992         
131.928         0.46215         0.649143        1.18191         0.267522        7.69479e-06     0               0               0               0.00351691      0               0               0               0.954464        -1.53049e-05    0               0               0               -0.000335097    0               0               0               -0.015972       -2.86801e-06    0               0               0               -0.000593014    0               0               0               -0.00999414     8580.41         248.095         
190.87          0.463118        0.647203        1.15498         0.252203        7.50849e-06     0               0               0               0.00343176      0               0               0               0.934426        -1.49389e-05    0               0               0               -0.000327082    0               0               0               -0.015538       -2.8773e-06     0               0               0               -0.000594935    0               0               0               -0.0100265      8682.91         247.274         
276.145         0.464092        0.645276        1.12984         0.237981        7.33483e-06     0               0               0               0.00335239      0               0               0               0.915702        -1.45978e-05    0               0               0               -0.000319614    0               0               0               -0.0151348      -2.88584e-06    0               0               0               -0.0005967      0               0               0               -0.0100563      8780.16         246.52          
399.52          0.465072        0.643364        1.1063          0.224731        7.1724e-06      0               0               0               0.00327815      0               0               0               0.898145        -1.42788e-05    0               0               0               -0.000312631    0               0               0               -0.0147589      -2.89369e-06    0               0               0               -0.000598323    0               0               0               -0.0100836      8872.52         245.827         
578.015         0.466057        0.641467        1.0842          0.212348        7.01999e-06     0               0               0               0.0032085       0               0               0               0.881632        -1.39797e-05    0               0               0               -0.000306081    0               0               0               -0.0144072      -2.9009e-06     0               0               0               -0.000599814    0               0               0               -0.0101088      8960.28         245.189         
836.257         0.467048        0.639584        1.0634          0.200742        6.87658e-06     0               0               0               0.00314295      0               0               0               0.866056        -1.36983e-05    0               0               0               -0.00029992     0               0               0               -0.0140773      -2.90753e-06    0               0               0               -0.000601184    0               0               0               -0.0101318      9043.72         244.603         
1209.87         0.468045        0.637715        1.04377         0.189837        6.74127e-06     0               0               0               0.0030811       0               0               0               0.851325        -1.34328e-05    0               0               0               -0.000294108    0               0               0               -0.0137669      -2.91361e-06    0               0               0               -0.000602441    0               0               0               -0.010153       9123.1          244.063         
1750.41         0.469047        0.635861        1.0252          0.179568        6.6133e-06      0               0               0               0.00302262      0               0               0               0.837361        -1.31819e-05    0               0               0               -0.000288614    0               0               0               -0.0134742      -2.91918e-06    0               0               0               -0.000603594    0               0               0               -0.0101725      9198.62         243.565         
2532.45         0.470056        0.63402         1.00761         0.169877        6.492e-06       0               0               0               0.00296718      0               0               0               0.824094        -1.29441e-05    0               0               0               -0.000283408    0               0               0               -0.0131976      -2.92428e-06    0               0               0               -0.000604649    0               0               0               -0.0101903      9270.51         243.107         
3663.89         0.47107         0.632195        0.990906        0.160716        6.37679e-06     0               0               0               0.00291452      0               0               0               0.811464        -1.27184e-05    0               0               0               -0.000278465    0               0               0               -0.0129355      -2.92895e-06    0               0               0               -0.000605613    0               0               0               -0.0102065      9338.95         242.685         
5300.82         0.472091        0.630383        0.975018        0.15204         6.26715e-06     0               0               0               0.00286441      0               0               0               0.799418        -1.25036e-05    0               0               0               -0.000273763    0               0               0               -0.0126868      -2.93319e-06    0               0               0               -0.000606491    0               0               0               -0.0102213      9404.1          242.297         
7669.08         0.473118        0.628585        0.959881        0.143812        6.16262e-06     0               0               0               0.00281663      0               0               0               0.787909        -1.22989e-05    0               0               0               -0.000269281    0               0               0               -0.0124503      -2.93705e-06    0               0               0               -0.000607289    0               0               0               -0.0102348      9466.12         241.941         
11095.4         0.474151        0.626802        0.945437        0.135997        6.06281e-06     0               0               0               0.00277102      0               0               0               0.776894        -1.21035e-05    0               0               0               -0.000265003    0               0               0               -0.0122251      -2.94054e-06    0               0               0               -0.000608011    0               0               0               -0.0102469      9525.17         241.613         
16052.6         0.475191        0.625032        0.931634        0.128566        5.96735e-06     0               0               0               0.00272739      0               0               0               0.766336        -1.19167e-05    0               0               0               -0.000260913    0               0               0               -0.0120102      -2.94369e-06    0               0               0               -0.000608661    0               0               0               -0.0102579      9581.37         241.313         
23224.4         0.476237        0.623276        0.918427        0.121491        5.87592e-06     0               0               0               0.0026856       0               0               0               0.756203        -1.17378e-05    0               0               0               -0.000256997    0               0               0               -0.0118049      -2.94651e-06    0               0               0               -0.000609244    0               0               0               -0.0102677      9634.85         241.038         
33600.5         0.47729         0.621534        0.905773        0.114749        5.78824e-06     0               0               0               0.00264552      0               0               0               0.746463        -1.15663e-05    0               0               0               -0.000253242    0               0               0               -0.0116085      -2.94901e-06    0               0               0               -0.000609763    0               0               0               -0.0102765      9685.74         240.788         
48612.4         0.47835         0.619805        0.893634        0.108317        5.70403e-06     0               0               0               0.00260703      0               0               0               0.73709         -1.14017e-05    0               0               0               -0.000249638    0               0               0               -0.0114204      -2.95123e-06    0               0               0               -0.000610221    0               0               0               -0.0102842      9734.13         240.56          
70331.1         0.479416        0.61809         0.881977        0.102176        5.62306e-06     0               0               0               0.00257003      0               0               0               0.728059        -1.12435e-05    0               0               0               -0.000246173    0               0               0               -0.0112399      -2.95317e-06    0               0               0               -0.000610621    0               0               0               -0.0102909      9780.13         240.353         
101753          0.48049         0.616388        0.870769        0.0963078       5.54513e-06     0               0               0               0.00253441      0               0               0               0.719348        -1.10912e-05    0               0               0               -0.00024284     0               0               0               -0.0110666      -2.95484e-06    0               0               0               -0.000610967    0               0               0               -0.0102968      9823.84         240.166         
147214          0.48157         0.614699        0.859983        0.0906968       5.47003e-06     0               0               0               0.00250009      0               0               0               0.710937        -1.09446e-05    0               0               0               -0.000239628    0               0               0               -0.0108999      -2.95626e-06    0               0               0               -0.00061126     0               0               0               -0.0103017      9865.36         239.999         
212985          0.482657        0.613023        0.849592        0.0853279       5.3976e-06      0               0               0               0.00246698      0               0               0               0.702808        -1.08032e-05    0               0               0               -0.000236532    0               0               0               -0.0107396      -2.95744e-06    0               0               0               -0.000611504    0               0               0               -0.0103058      9904.76         239.849         
308141          0.483752        0.61136         0.839573        0.0801876       5.32766e-06     0               0               0               0.00243501      0               0               0               0.694943        -1.06667e-05    0               0               0               -0.000233544    0               0               0               -0.0105851      -2.95839e-06    0               0               0               -0.0006117      0               0               0               -0.0103091      9942.13         239.716         
445811          0.484854        0.60971         0.829904        0.0752635       5.26007e-06     0               0               0               0.00240412      0               0               0               0.687327        -1.05348e-05    0               0               0               -0.000230656    0               0               0               -0.0104362      -2.95911e-06    0               0               0               -0.000611851    0               0               0               -0.0103117      9977.54         239.599         
644987          0.485963        0.608072        0.820565        0.070544        5.19469e-06     0               0               0               0.00237424      0               0               0               0.679946        -1.04073e-05    0               0               0               -0.000227865    0               0               0               -0.0102924      -2.95963e-06    0               0               0               -0.000611958    0               0               0               -0.0103135      10011.1         239.497         
933151          0.487079        0.606447        0.811538        0.0660186       5.13141e-06     0               0               0               0.00234532      0               0               0               0.672787        -1.02839e-05    0               0               0               -0.000225163    0               0               0               -0.0101535      -2.95995e-06    0               0               0               -0.000612024    0               0               0               -0.0103146      10042.8         239.41          
1.35006e+06     0.488203        0.604835        0.802805        0.0616776       5.0701e-06      0               0               0               0.0023173       0               0               0               0.665838        -1.01644e-05    0               0               0               -0.000222547    0               0               0               -0.0100193      -2.96008e-06    0               0               0               -0.00061205     0               0               0               -0.010315       10072.8         239.336         
1.95323e+06     0.489335        0.603234        0.794351        0.0575119       5.01066e-06     0               0               0               0.00229013      0               0               0               0.659088        -1.00486e-05    0               0               0               -0.000220012    0               0               0               -0.00988945     -2.96001e-06    0               0               0               -0.000612037    0               0               0               -0.0103148      10101.1         239.276         
2.82588e+06     0.490474        0.601646        0.786161        0.0535132       4.95299e-06     0               0               0               0.00226377      0               0               0               0.652526        -9.93629e-06    0               0               0               -0.000217552    0               0               0               -0.00976371     -2.95978e-06    0               0               0               -0.000611988    0               0               0               -0.010314       10127.7         239.229         
4.08841e+06     0.491622        0.600069        0.778221        0.0496735       4.897e-06       0               0               0               0.00223818      0               0               0               0.646144        -9.82727e-06    0               0               0               -0.000215165    0               0               0               -0.0096419      -2.95937e-06    0               0               0               -0.000611903    0               0               0               -0.0103126      10152.8         239.193         
5.915e+06       0.492777        0.598505        0.77052         0.0459855       4.8426e-06      0               0               0               0.00221332      0               0               0               0.639931        -9.7214e-06     0               0               0               -0.000212847    0               0               0               -0.00952379     -2.95879e-06    0               0               0               -0.000611784    0               0               0               -0.0103106      10176.4         239.169         
8.55767e+06     0.49394         0.596952        0.763045        0.0424425       4.78972e-06     0               0               0               0.00218915      0               0               0               0.633881        -9.61851e-06    0               0               0               -0.000210595    0               0               0               -0.00940922     -2.95806e-06    0               0               0               -0.000611633    0               0               0               -0.010308       10198.5         239.156         
1.2381e+07      0.495111        0.595411        0.755785        0.0390381       4.73828e-06     0               0               0               0.00216564      0               0               0               0.627985        -9.51847e-06    0               0               0               -0.000208404    0               0               0               -0.00929799     -2.95717e-06    0               0               0               -0.00061145     0               0               0               -0.010305       10219.3         239.154         
1.79125e+07     0.496291        0.593881        0.74873         0.0357663       4.68821e-06     0               0               0               0.00214276      0               0               0               0.622235        -9.42113e-06    0               0               0               -0.000206273    0               0               0               -0.00918995     -2.95614e-06    0               0               0               -0.000611236    0               0               0               -0.0103014      10238.6         239.161         
2.59154e+07     0.497478        0.592362        0.741871        0.0326213       4.63946e-06     0               0               0               0.00212047      0               0               0               0.616626        -9.32638e-06    0               0               0               -0.000204198    0               0               0               -0.00908496     -2.95497e-06    0               0               0               -0.000610994    0               0               0               -0.0102973      10256.7         239.179         
3.74937e+07     0.498675        0.590855        0.735198        0.0295981       4.59196e-06     0               0               0               0.00209876      0               0               0               0.611152        -9.23408e-06    0               0               0               -0.000202178    0               0               0               -0.00898286     -2.95366e-06    0               0               0               -0.000610722    0               0               0               -0.0102927      10273.4         239.205         
5.42449e+07     0.499879        0.589359        0.728704        0.0266915       4.54565e-06     0               0               0               0.0020776       0               0               0               0.605805        -9.14415e-06    0               0               0               -0.000200209    0               0               0               -0.00888352     -2.95221e-06    0               0               0               -0.000610424    0               0               0               -0.0102877      10289           239.241         
7.84801e+07     0.501093        0.587874        0.72238         0.0238968       4.50049e-06     0               0               0               0.00205695      0               0               0               0.600581        -9.05646e-06    0               0               0               -0.000198289    0               0               0               -0.00878682     -2.95064e-06    0               0               0               -0.000610098    0               0               0               -0.0102822      10303.4         239.285         
1.13543e+08     0.502315        0.586399        0.71622         0.0212097       4.45642e-06     0               0               0               0.00203681      0               0               0               0.595475        -8.97093e-06    0               0               0               -0.000196416    0               0               0               -0.00869265     -2.94894e-06    0               0               0               -0.000609747    0               0               0               -0.0102763      10316.6         239.338         
1.64271e+08     0.503546        0.584935        0.710216        0.0186258       4.4134e-06      0               0               0               0.00201715      0               0               0               0.590482        -8.88747e-06    0               0               0               -0.000194589    0               0               0               -0.0086009      -2.94712e-06    0               0               0               -0.000609372    0               0               0               -0.01027        10328.7         239.398         
2.37663e+08     0.504786        0.583482        0.704361        0.0161412       4.37138e-06     0               0               0               0.00199794      0               0               0               0.585596        -8.80598e-06    0               0               0               -0.000192804    0               0               0               -0.00851145     -2.94519e-06    0               0               0               -0.000608972    0               0               0               -0.0102632      10339.7         239.466         
3.43845e+08     0.506035        0.58204         0.69865         0.0137522       4.33032e-06     0               0               0               0.00197918      0               0               0               0.580815        -8.72639e-06    0               0               0               -0.000191062    0               0               0               -0.00842422     -2.94314e-06    0               0               0               -0.000608549    0               0               0               -0.0102561      10349.7         239.542         
4.97465e+08     0.507293        0.580607        0.693076        0.0114552       4.29019e-06     0               0               0               0.00196084      0               0               0               0.576133        -8.64862e-06    0               0               0               -0.000189359    0               0               0               -0.00833912     -2.94099e-06    0               0               0               -0.000608103    0               0               0               -0.0102486      10358.7         239.625         
7.1972e+08      0.508561        0.579185        0.687635        0.00924663      4.25095e-06     0               0               0               0.0019429       0               0               0               0.571547        -8.5726e-06     0               0               0               -0.000187695    0               0               0               -0.00825606     -2.93872e-06    0               0               0               -0.000607635    0               0               0               -0.0102407      10366.7         239.715         
1.04127e+09     0.509838        0.577773        0.682321        0.00712339      4.21256e-06     0               0               0               0.00192536      0               0               0               0.567054        -8.49826e-06    0               0               0               -0.000186067    0               0               0               -0.00817495     -2.93636e-06    0               0               0               -0.000607146    0               0               0               -0.0102325      10373.8         239.812         
1.50648e+09     0.511124        0.576371        0.677129        0.00508234      4.175e-06       0               0               0               0.00190819      0               0               0               0.562649        -8.42554e-06    0               0               0               -0.000184475    0               0               0               -0.00809573     -2.93389e-06    0               0               0               -0.000606636    0               0               0               -0.0102239      10380           239.915         
2.17954e+09     0.51242         0.574979        0.672055        0.00312056      4.13822e-06     0               0               0               0.00189138      0               0               0               0.55833         -8.35438e-06    0               0               0               -0.000182917    0               0               0               -0.00801831     -2.93133e-06    0               0               0               -0.000606106    0               0               0               -0.0102149      10385.3         240.024         
3.1533e+09      0.513726        0.573597        0.667094        0.00123523      4.10221e-06     0               0               0               0.00187492      0               0               0               0.554093        -8.28472e-06    0               0               0               -0.000181392    0               0               0               -0.00794264     -2.92867e-06    0               0               0               -0.000605556    0               0               0               -0.0102057      10389.7         240.14          
4.56212e+09     0.515042        0.572225        0.662242        -0.000576329    4.06693e-06     0               0               0               0.0018588       0               0               0               0.549936        -8.2165e-06     0               0               0               -0.000179898    0               0               0               -0.00786864     -2.92592e-06    0               0               0               -0.000604987    0               0               0               -0.0101961      10393.3         240.261         
6.60035e+09     0.516368        0.570862        0.657495        -0.00231668     4.03236e-06     0               0               0               0.001843        0               0               0               0.545856        -8.14968e-06    0               0               0               -0.000178435    0               0               0               -0.00779626     -2.92308e-06    0               0               0               -0.0006044      0               0               0               -0.0101862      10396.1         240.389         
9.54922e+09     0.517704        0.569508        0.652849        -0.00398827     3.99847e-06     0               0               0               0.00182751      0               0               0               0.54185         -8.0842e-06     0               0               0               -0.000177001    0               0               0               -0.00772543     -2.92015e-06    0               0               0               -0.000603794    0               0               0               -0.010176       10398.1         240.521         
1.38156e+10     0.519051        0.568164        0.648301        -0.00559345     3.96524e-06     0               0               0               0.00181232      0               0               0               0.537915        -8.02002e-06    0               0               0               -0.000175596    0               0               0               -0.0076561      -2.91714e-06    0               0               0               -0.000603171    0               0               0               -0.0101655      10399.4         240.66          
1.9988e+10      0.520408        0.566829        0.643848        -0.00713446     3.93264e-06     0               0               0               0.00179742      0               0               0               0.53405         -7.9571e-06     0               0               0               -0.000174218    0               0               0               -0.00758823     -2.91404e-06    0               0               0               -0.000602531    0               0               0               -0.0101547      10400           240.803         
2.89181e+10     0.521776        0.565503        0.639485        -0.00861344     3.90067e-06     0               0               0               0.00178281      0               0               0               0.530252        -7.89538e-06    0               0               0               -0.000172867    0               0               0               -0.00752175     -2.91086e-06    0               0               0               -0.000601874    0               0               0               -0.0101436      10399.8         240.952         
4.1838e+10      0.523154        0.564187        0.635211        -0.0100325      3.86928e-06     0               0               0               0.00176846      0               0               0               0.526518        -7.83484e-06    0               0               0               -0.000171542    0               0               0               -0.00745661     -2.9076e-06     0               0               0               -0.0006012      0               0               0               -0.0101323      10399           241.106         
6.05301e+10     0.524543        0.562879        0.631022        -0.0113935      3.83847e-06     0               0               0               0.00175438      0               0               0               0.522847        -7.77543e-06    0               0               0               -0.000170241    0               0               0               -0.00739279     -2.90427e-06    0               0               0               -0.000600511    0               0               0               -0.0101207      10397.5         241.264         
8.75733e+10     0.525943        0.56158         0.626915        -0.0126985      3.80822e-06     0               0               0               0.00174055      0               0               0               0.519237        -7.71712e-06    0               0               0               -0.000168964    0               0               0               -0.00733022     -2.90086e-06    0               0               0               -0.000599806    0               0               0               -0.0101088      10395.4         241.427         
1.26699e+11     0.527355        0.56029         0.622887        -0.0139492      3.7785e-06      0               0               0               0.00172697      0               0               0               0.515686        -7.65986e-06    0               0               0               -0.00016771     0               0               0               -0.00726888     -2.89738e-06    0               0               0               -0.000599085    0               0               0               -0.0100967      10392.7         241.595         
1.83304e+11     0.528778        0.559009        0.618937        -0.0151474      3.74931e-06     0               0               0               0.00171363      0               0               0               0.512192        -7.60364e-06    0               0               0               -0.000166479    0               0               0               -0.00720872     -2.89382e-06    0               0               0               -0.00059835     0               0               0               -0.0100843      10389.4         241.768         
2.652e+11       0.530212        0.557736        0.615061        -0.0162947      3.72062e-06     0               0               0               0.00170052      0               0               0               0.508753        -7.54841e-06    0               0               0               -0.00016527     0               0               0               -0.00714969     -2.89019e-06    0               0               0               -0.0005976      0               0               0               -0.0100716      10385.4         241.944         
3.83685e+11     0.531658        0.556472        0.611258        -0.0173929      3.69243e-06     0               0               0               0.00168763      0               0               0               0.505368        -7.49415e-06    0               0               0               -0.000164082    0               0               0               -0.00709178     -2.8865e-06     0               0               0               -0.000596836    0               0               0               -0.0100588      10381           242.125         
5.55105e+11     0.533116        0.555216        0.607525        -0.0184434      3.6647e-06      0               0               0               0.00167496      0               0               0               0.502035        -7.44082e-06    0               0               0               -0.000162915    0               0               0               -0.00703494     -2.88273e-06    0               0               0               -0.000596058    0               0               0               -0.0100457      10376           242.311         
8.03111e+11     0.534586        0.553969        0.60386         -0.0194477      3.63744e-06     0               0               0               0.0016625       0               0               0               0.498752        -7.38841e-06    0               0               0               -0.000161767    0               0               0               -0.00697914     -2.8789e-06     0               0               0               -0.000595266    0               0               0               -0.0100323      10370.4         242.5           
1.16192e+12     0.536068        0.55273         0.60026         -0.0204074      3.61063e-06     0               0               0               0.00165024      0               0               0               0.495518        -7.33687e-06    0               0               0               -0.000160639    0               0               0               -0.00692434     -2.87501e-06    0               0               0               -0.000594461    0               0               0               -0.0100187      10364.4         242.693         
1.68104e+12     0.537562        0.551498        0.596725        -0.0213237      3.58425e-06     0               0               0               0.00163819      0               0               0               0.492333        -7.28619e-06    0               0               0               -0.000159529    0               0               0               -0.00687052     -2.87105e-06    0               0               0               -0.000593643    0               0               0               -0.010005       10357.8         242.891         
2.43208e+12     0.539069        0.550275        0.593252        -0.0221981      3.55829e-06     0               0               0               0.00162632      0               0               0               0.489193        -7.23635e-06    0               0               0               -0.000158438    0               0               0               -0.00681766     -2.86703e-06    0               0               0               -0.000592811    0               0               0               -0.00999095     10350.8         243.092         
3.51867e+12     0.540588        0.54906         0.589839        -0.0230317      3.53274e-06     0               0               0               0.00161464      0               0               0               0.486099        -7.18731e-06    0               0               0               -0.000157364    0               0               0               -0.00676571     -2.86295e-06    0               0               0               -0.000591967    0               0               0               -0.00997673     10343.3         243.297         
5.09072e+12     0.54212         0.547853        0.586484        -0.0238259      3.50759e-06     0               0               0               0.00160315      0               0               0               0.483048        -7.13905e-06    0               0               0               -0.000156308    0               0               0               -0.00671466     -2.85881e-06    0               0               0               -0.000591111    0               0               0               -0.0099623      10335.4         243.505         
7.36511e+12     0.543666        0.546654        0.583187        -0.0245819      3.48282e-06     0               0               0               0.00159183      0               0               0               0.48004         -7.09156e-06    0               0               0               -0.000155268    0               0               0               -0.00666447     -2.85461e-06    0               0               0               -0.000590242    0               0               0               -0.00994767     10327           243.717         
1.06557e+13     0.545224        0.545462        0.579944        -0.0253008      3.45844e-06     0               0               0               0.00158068      0               0               0               0.477074        -7.04482e-06    0               0               0               -0.000154244    0               0               0               -0.00661514     -2.85035e-06    0               0               0               -0.000589362    0               0               0               -0.00993283     10318.2         243.933         
1.54163e+13     0.546796        0.544278        0.576756        -0.0259838      3.43442e-06     0               0               0               0.00156971      0               0               0               0.474148        -6.99879e-06    0               0               0               -0.000153237    0               0               0               -0.00656662     -2.84603e-06    0               0               0               -0.00058847     0               0               0               -0.0099178      10309           244.152         
2.23039e+13     0.548382        0.543101        0.57362         -0.0266319      3.41075e-06     0               0               0               0.00155889      0               0               0               0.471261        -6.95347e-06    0               0               0               -0.000152244    0               0               0               -0.0065189      -2.84166e-06    0               0               0               -0.000587566    0               0               0               -0.00990257     10299.4         244.375         
3.22687e+13     0.549981        0.541932        0.570534        -0.0272461      3.38743e-06     0               0               0               0.00154823      0               0               0               0.468413        -6.90883e-06    0               0               0               -0.000151267    0               0               0               -0.00647195     -2.83724e-06    0               0               0               -0.000586651    0               0               0               -0.00988715     10289.4         244.601         
4.66856e+13     0.551595        0.540771        0.567498        -0.0278275      3.36445e-06     0               0               0               0.00153773      0               0               0               0.465602        -6.86486e-06    0               0               0               -0.000150304    0               0               0               -0.00642577     -2.83276e-06    0               0               0               -0.000585724    0               0               0               -0.00987154     10279.1         244.83          
6.75435e+13     0.553222        0.539617        0.564511        -0.028377       3.3418e-06      0               0               0               0.00152737      0               0               0               0.462828        -6.82154e-06    0               0               0               -0.000149356    0               0               0               -0.00638031     -2.82822e-06    0               0               0               -0.000584787    0               0               0               -0.00985574     10268.4         245.062         
9.77201e+13     0.554865        0.53847         0.56157         -0.0288956      3.31946e-06     0               0               0               0.00151717      0               0               0               0.460089        -6.77885e-06    0               0               0               -0.000148421    0               0               0               -0.00633558     -2.82364e-06    0               0               0               -0.000583838    0               0               0               -0.00983976     10257.3         245.298         
1.41379e+14     0.556521        0.53733         0.558675        -0.0293842      3.29744e-06     0               0               0               0.0015071       0               0               0               0.457384        -6.73678e-06    0               0               0               -0.0001475      0               0               0               -0.00629154     -2.819e-06      0               0               0               -0.000582879    0               0               0               -0.0098236      10246           245.537         
2.04543e+14     0.558193        0.536197        0.555824        -0.0298436      3.27573e-06     0               0               0               0.00149718      0               0               0               0.454713        -6.69531e-06    0               0               0               -0.000146592    0               0               0               -0.00624817     -2.81431e-06    0               0               0               -0.00058191     0               0               0               -0.00980727     10234.3         245.779         
2.95928e+14     0.55988         0.535071        0.553017        -0.0302748      3.25431e-06     0               0               0               0.00148739      0               0               0               0.452076        -6.65443e-06    0               0               0               -0.000145697    0               0               0               -0.00620547     -2.80957e-06    0               0               0               -0.00058093     0               0               0               -0.00979075     10222.2         246.024         
4.28141e+14     0.561582        0.533953        0.550253        -0.0306784      3.23318e-06     0               0               0               0.00147773      0               0               0               0.44947         -6.61412e-06    0               0               0               -0.000144814    0               0               0               -0.00616342     -2.80478e-06    0               0               0               -0.00057994     0               0               0               -0.00977407     10209.9         246.271         
6.19423e+14     0.563299        0.532841        0.547529        -0.0310554      3.21233e-06     0               0               0               0.0014682       0               0               0               0.446896        -6.57436e-06    0               0               0               -0.000143944    0               0               0               -0.00612199     -2.79994e-06    0               0               0               -0.000578939    0               0               0               -0.00975721     10197.3         246.522         
8.96165e+14     0.565033        0.531736        0.544846        -0.0314065      3.19176e-06     0               0               0               0.0014588       0               0               0               0.444352        -6.53515e-06    0               0               0               -0.000143085    0               0               0               -0.00608118     -2.79506e-06    0               0               0               -0.000577929    0               0               0               -0.00974019     10184.4         246.776         
1.29655e+15     0.566782        0.530638        0.542202        -0.0317324      3.17145e-06     0               0               0               0.00144952      0               0               0               0.441838        -6.49648e-06    0               0               0               -0.000142238    0               0               0               -0.00604096     -2.79012e-06    0               0               0               -0.000576909    0               0               0               -0.009723       10171.2         247.033         
1.87581e+15     0.568548        0.529546        0.539596        -0.0320338      3.15141e-06     0               0               0               0.00144036      0               0               0               0.439354        -6.45832e-06    0               0               0               -0.000141403    0               0               0               -0.00600133     -2.78514e-06    0               0               0               -0.000575879    0               0               0               -0.00970565     10157.8         247.292         
2.71387e+15     0.57033         0.528461        0.537028        -0.0323115      3.13162e-06     0               0               0               0.00143131      0               0               0               0.436898        -6.42066e-06    0               0               0               -0.000140579    0               0               0               -0.00596226     -2.78012e-06    0               0               0               -0.00057484     0               0               0               -0.00968813     10144           247.554         
3.92636e+15     0.57213         0.527383        0.534496        -0.0325661      3.11208e-06     0               0               0               0.00142238      0               0               0               0.434469        -6.38351e-06    0               0               0               -0.000139765    0               0               0               -0.00592376     -2.77504e-06    0               0               0               -0.000573791    0               0               0               -0.00967046     10130.1         247.819         
5.68056e+15     0.573946        0.526311        0.531999        -0.0327982      3.09279e-06     0               0               0               0.00141356      0               0               0               0.432069        -6.34683e-06    0               0               0               -0.000138962    0               0               0               -0.00588579     -2.76992e-06    0               0               0               -0.000572732    0               0               0               -0.00965262     10115.9         248.087         
8.21848e+15     0.575779        0.525246        0.529538        -0.0330085      3.07374e-06     0               0               0               0.00140486      0               0               0               0.429694        -6.31063e-06    0               0               0               -0.000138169    0               0               0               -0.00584835     -2.76476e-06    0               0               0               -0.000571665    0               0               0               -0.00963463     10101.5         248.358         
1.18903e+16     0.577631        0.524187        0.527111        -0.0331976      3.05491e-06     0               0               0               0.00139625      0               0               0               0.427346        -6.2749e-06     0               0               0               -0.000137387    0               0               0               -0.00581144     -2.75955e-06    0               0               0               -0.000570588    0               0               0               -0.00961648     10086.8         248.631         
1.72026e+16     0.5795          0.523134        0.524716        -0.0333661      3.03632e-06     0               0               0               0.00138775      0               0               0               0.425023        -6.23961e-06    0               0               0               -0.000136614    0               0               0               -0.00577502     -2.7543e-06     0               0               0               -0.000569502    0               0               0               -0.00959818     10071.9         248.907         
2.48882e+16     0.581387        0.522087        0.522355        -0.0335145      3.01795e-06     0               0               0               0.00137936      0               0               0               0.422725        -6.20476e-06    0               0               0               -0.000135851    0               0               0               -0.0057391      -2.749e-06      0               0               0               -0.000568407    0               0               0               -0.00957973     10056.8         249.185         
3.60076e+16     0.583293        0.521047        0.520025        -0.0336434      2.99979e-06     0               0               0               0.00137106      0               0               0               0.420452        -6.17035e-06    0               0               0               -0.000135098    0               0               0               -0.00570366     -2.74366e-06    0               0               0               -0.000567303    0               0               0               -0.00956113     10041.5         249.466         
5.20949e+16     0.585218        0.520013        0.517726        -0.0337533      2.98185e-06     0               0               0               0.00136286      0               0               0               0.418202        -6.13636e-06    0               0               0               -0.000134354    0               0               0               -0.0056687      -2.73828e-06    0               0               0               -0.00056619     0               0               0               -0.00954237     10026           249.75          
7.53695e+16     0.587162        0.518985        0.515457        -0.0338447      2.96412e-06     0               0               0               0.00135476      0               0               0               0.415976        -6.10279e-06    0               0               0               -0.000133619    0               0               0               -0.00563419     -2.73286e-06    0               0               0               -0.000565068    0               0               0               -0.00952347     10010.4         250.036         
1.09043e+17     0.589126        0.517963        0.513218        -0.0339182      2.94659e-06     0               0               0               0.00134674      0               0               0               0.413773        -6.06961e-06    0               0               0               -0.000132892    0               0               0               -0.00560014     -2.72739e-06    0               0               0               -0.000563937    0               0               0               -0.00950442     9994.48         250.325         
1.5776e+17      0.591109        0.516947        0.511008        -0.0339742      2.92926e-06     0               0               0               0.00133882      0               0               0               0.411592        -6.03684e-06    0               0               0               -0.000132175    0               0               0               -0.00556653     -2.72188e-06    0               0               0               -0.000562798    0               0               0               -0.00948522     9978.43         250.616         
2.28243e+17     0.593112        0.515936        0.508827        -0.0340131      2.91212e-06     0               0               0               0.00133099      0               0               0               0.409432        -6.00445e-06    0               0               0               -0.000131466    0               0               0               -0.00553335     -2.71633e-06    0               0               0               -0.00056165     0               0               0               -0.00946588     9962.2          250.91          
3.30216e+17     0.595136        0.514932        0.506673        -0.0340355      2.89517e-06     0               0               0               0.00132324      0               0               0               0.407295        -5.97244e-06    0               0               0               -0.000130765    0               0               0               -0.00550059     -2.71073e-06    0               0               0               -0.000560494    0               0               0               -0.00944639     9945.81         251.206         
4.77748e+17     0.59718         0.513933        0.504547        -0.0340418      2.87842e-06     0               0               0               0.00131558      0               0               0               0.405178        -5.94081e-06    0               0               0               -0.000130072    0               0               0               -0.00546824     -2.7051e-06     0               0               0               -0.000559329    0               0               0               -0.00942676     9929.25         251.505         
6.91193e+17     0.599246        0.512941        0.502447        -0.0340324      2.86184e-06     0               0               0               0.00130801      0               0               0               0.403082        -5.90954e-06    0               0               0               -0.000129388    0               0               0               -0.0054363      -2.69943e-06    0               0               0               -0.000558156    0               0               0               -0.00940699     9912.53         251.806         
1e+18           0.601334        0.511953        0.500373        -0.0340076      2.84544e-06     0               0               0               0.00130051      0               0               0               0.401005        -5.87862e-06    0               0               0               -0.000128711    0               0               0               -0.00540476     -2.69371e-06    0               0               0               -0.000556974    0               0               0               -0.00938708     9895.67         252.109         
